R1 2 | 1 6 8 9 10 11 12 13 14 15 47 | 7 20 27 34
R2 2 | 1 8 9 10 11 12 13 14 15 25 47 | 6 7 20 27 34
R3 2 | 1 8 9 10 11 12 13 14 15 31 47 | 6 7 20 25 27 34
R4 2 | 1 8 9 10 11 12 13 14 15 37 47 | 6 7 20 25 27 31 34
R5 2 | 1 8 9 10 11 12 13 14 15 43 47 | 6 7 20 25 27 31 34 37
R6 2 | 1 8 9 10 11 12 13 14 15 47 56 | 6 7 20 25 27 31 34 37 43
R7 2 | 1 8 9 10 11 12 13 14 15 47 62 | 6 7 20 25 27 31 34 37 43 56
R8 2 | 1 8 9 10 11 12 13 14 15 47 68 | 6 7 20 25 27 31 34 37 43 56 62
R3348067 2 | 1 14 15 47 48 51 52 95 98 99 100 | 9 10 11 12 13 18 19 20 21 22 23 24 25 26 27 29 30 31 32 33 34 35 36 37 39 40 41 42 43 44 45 49 50 53 54 56 62 64 67 71 74 75 78 80 85 86 87 89
R9258204 2 | 1 7 8 11 13 15 17 19 36 41 58 | 9 12 14 18 23 24 27 28 35 47
R17092182 2 | 1 15 16 27 43 55 59 75 78 91 93 | 8 9 10 11 12 13 14 19 20 21 22 23 24 25 26 28 30 31 32 33 34 35 37 40 41 42 44 45 46 47 49 50 51 56 58 61 62 65 67 71 74 81 84
R23168674 2 | 1 8 9 12 15 31 39 43 44 70 101 | 7 10 11 13 14 20 21 22 26 27 28 30 32 33 34 41 42 47 54 55 56 61 69 74 81 88 95
R24677587 2 | 1 9 15 16 70 78 79 81 94 95 99 | 6 7 8 10 11 12 13 14 20 21 22 25 26 27 28 29 30 31 32 35 36 37 39 40 41 42 43 47 49 50 51 52 53 55 56 59 61 62 64 65 66 69 71 72 74 75 76 82 85 86 87 88
R30460389 2 | 1 8 15 19 26 31 49 97 100 106 107 | 9 10 11 12 13 14 18 20 22 23 24 25 27 28 30 33 34 35 36 37 41 42 44 45 47 53 54 55 56 58 59 62 67 69 70 71 78 80 82 83 84 89 94 98 105
R30879377 2 | 1 15 21 22 24 39 49 62 81 97 102 | 9 10 11 12 13 14 18 19 20 23 25 26 27 28 30 31 36 37 40 41 42 45 46 47 51 53 54 55 56 61 65 69 70 71 74 83 84 93
R31565896 2 | 1 15 20 25 32 36 44 65 77 94 97 | 7 9 10 11 12 13 14 18 21 22 23 24 26 27 28 33 34 35 39 40 41 42 47 49 52 53 55 56 58 59 63 69 70 71 82 83 84
C1 2 | 5 8 9 14 19 30 37 47 52 72 97 | 1 11
C2 2 | 11 26 30 31 41 49 63 71 72 101 102 | 1 4
C3 2 | 5 8 9 17 19 30 42 47 52 72 99 | 1 11
C4 2 | 5 8 17 26 30 47 70 72 73 99 107 | 1 11
C5 2 | 1 5 12 14 19 27 43 46 67 84 91 | 15 16 31 32 47 48 63 64 79 80 95 96 111
C6 2 | 1 6 11 25 28 29 40 53 54 57 79 | 12 23 24 35 47 58 59 70 71 82 94 105 106
C7 2 | 1 5 12 78 83 84 91 93 95 98 103 | 14 15 29 30 44 45 59 60 74 75 89 90 104
C8 2 | 1 6 14 16 19 25 31 43 67 73 80 | 13 26 27 39 40 52 53 65 66 78 79 92 105
C1+release1,11 2 | 5 8 9 14 19 30 37 47 52 72 97 | 
C2+release1,4 2 | 11 26 30 31 41 49 63 71 72 101 102 | 
C3+release1,11 2 | 5 8 9 17 19 30 42 47 52 72 99 | 
C4+release1,11 2 | 5 8 17 26 30 47 70 72 73 99 107 | 
