347 u=  2 small(<=15)= 5  [2, 7, 8, 11, 15, 18, 26, 43, 44, 58, 70, 96, 122, 148]
347 u=127 small(<=15)= 5  [1, 8, 9, 11, 14, 26, 30, 43, 96, 108, 127, 153, 161, 164]
347 u=  2 small(<=15)= 6  [2, 5, 7, 8, 9, 13, 61, 79, 96, 130, 139, 165, 168, 172]
349 u=121 small(<=15)= 5  [1, 11, 13, 14, 15, 31, 77, 80, 108, 119, 121, 122, 132, 153]
349 u= 72 small(<=15)= 5  [5, 7, 8, 9, 11, 37, 47, 72, 128, 160, 165, 166, 168, 174]
349 u= 72 small(<=15)= 5  [7, 8, 9, 10, 11, 37, 47, 72, 128, 160, 165, 166, 168, 174]
379 u=150 small(<=15)= 7  [1, 7, 8, 9, 11, 13, 15, 19, 73, 84, 150, 154, 169, 178]
379 u=  1 small(<=15)= 7  [1, 7, 8, 9, 11, 13, 15, 19, 69, 73, 84, 147, 154, 169]
379 u=  1 small(<=15)= 7  [1, 7, 8, 9, 11, 13, 15, 19, 73, 84, 147, 154, 155, 169]
389 u=100 small(<=15)= 5  [3, 5, 7, 8, 13, 42, 100, 105, 161, 176, 181, 186, 189, 194]
389 u=  4 small(<=15)= 4  [4, 5, 7, 13, 16, 18, 44, 49, 112, 116, 141, 161, 179, 183]
389 u=  1 small(<=15)= 6  [1, 5, 8, 11, 13, 14, 18, 19, 23, 37, 55, 60, 82, 109]
401 u=  1 small(<=15)= 7  [1, 4, 5, 7, 9, 11, 13, 17, 24, 29, 31, 106, 117, 191]
401 u=  2 small(<=15)= 6  [2, 8, 9, 10, 13, 14, 22, 58, 62, 118, 121, 126, 161, 182]
401 u=  5 small(<=15)= 6  [1, 5, 7, 9, 11, 13, 20, 29, 47, 59, 139, 144, 170, 191]
409 u=124 small(<=15)= 5  [1, 8, 11, 13, 14, 17, 18, 19, 50, 89, 111, 122, 124, 133]
419 u=  1 small(<=15)= 5  [1, 8, 9, 13, 14, 29, 38, 86, 115, 124, 143, 147, 150, 151]
421 u=101 small(<=15)= 5  [2, 7, 9, 10, 11, 17, 19, 24, 31, 79, 90, 101, 123, 169]
457 u=  4 small(<=15)= 9  [1, 3, 4, 5, 7, 8, 9, 11, 13, 30, 185, 217, 219, 220]
