101 size=11 cover=True [1, 2, 3, 7, 12, 17, 23, 27, 30, 44, 48]
103 size=10 cover=True [1, 2, 6, 20, 26, 28, 29, 46, 48, 49]
107 size=11 cover=True [1, 2, 3, 5, 11, 14, 16, 18, 29, 38, 47]
109 size=10 cover=True [1, 6, 20, 31, 33, 41, 42, 45, 48, 51]
113 size=11 cover=True [1, 2, 5, 7, 12, 15, 16, 47, 50, 51, 52]
127 size=12 cover=True [1, 2, 3, 13, 15, 21, 24, 27, 29, 30, 33, 34]
131 size=11 cover=True [1, 3, 7, 8, 11, 15, 26, 34, 36, 47, 50]
137 size=12 cover=True [1, 2, 3, 14, 15, 16, 31, 33, 34, 36, 39, 50]
139 size=12 cover=True [1, 2, 5, 9, 23, 25, 32, 37, 42, 60, 61, 66]
149 size=12 cover=True [1, 2, 3, 11, 13, 25, 28, 48, 59, 61, 63, 67]
151 size=12 cover=True [1, 2, 8, 9, 30, 33, 39, 41, 43, 57, 58, 63]
157 size=12 cover=True [1, 9, 12, 13, 19, 31, 40, 49, 58, 67, 68, 71]
163 size=12 cover=True [1, 2, 6, 11, 13, 20, 39, 42, 51, 57, 59, 72]
167 size=12 cover=True [1, 3, 7, 10, 11, 13, 36, 42, 46, 53, 62, 64]
173 size=12 cover=True [1, 5, 11, 12, 14, 17, 19, 23, 37, 63, 80, 82]
179 size=12 cover=True [1, 2, 5, 11, 12, 37, 41, 70, 75, 80, 85, 86]
181 size=13 cover=True [1, 2, 3, 4, 5, 7, 8, 9, 11, 12, 13, 30, 56]
191 size=13 cover=True [1, 3, 4, 10, 13, 14, 17, 23, 24, 27, 31, 66, 90]
193 size=12 cover=True [1, 2, 6, 26, 28, 29, 40, 54, 57, 59, 61, 69]
197 size=12 cover=True [1, 3, 8, 11, 13, 14, 30, 43, 64, 72, 85, 88]
199 size=12 cover=True [1, 5, 7, 8, 9, 11, 13, 23, 30, 56, 76, 91]
211 size=13 cover=True [1, 2, 3, 10, 13, 14, 16, 22, 35, 50, 51, 72, 83]
223 size=13 cover=True [1, 4, 11, 26, 30, 31, 41, 49, 63, 71, 72, 101, 102]
227 size=12 cover=True [1, 8, 9, 11, 15, 42, 62, 88, 92, 99, 104, 107]
229 size=12 cover=True [1, 12, 22, 26, 34, 35, 61, 63, 64, 67, 90, 100]
233 size=13 cover=True [1, 3, 8, 9, 23, 30, 97, 98, 100, 101, 103, 106, 109]
241 size=13 cover=True [1, 2, 5, 9, 11, 12, 40, 58, 68, 69, 70, 76, 78]
251 size=13 cover=True [1, 5, 16, 21, 29, 37, 61, 62, 67, 90, 91, 98, 119]
257 size=13 cover=True [1, 2, 15, 50, 52, 62, 75, 88, 90, 92, 105, 120, 122]
263 size=13 cover=True [1, 2, 39, 40, 41, 46, 47, 84, 85, 86, 88, 90, 127]
277 size=13 cover=True [1, 3, 5, 7, 8, 11, 13, 17, 18, 19, 59, 120, 123]
